# Program:featureCounts v2.0.3; Command:"featureCounts" "-p" "-a" "refs/features.gff" "-o" "counts.txt" "bam/BORED_1.bam" "bam/BORED_2.bam" "bam/BORED_3.bam" "bam/EXCITED_1.bam" "bam/EXCITED_2.bam" "bam/EXCITED_3.bam" 
Geneid	Chr	Start	End	Strand	Length	bam/BORED_1.bam	bam/BORED_2.bam	bam/BORED_3.bam	bam/EXCITED_1.bam	bam/EXCITED_2.bam	bam/EXCITED_3.bam
AAA-750000-UP-4	Golden	1	1060	+	1060	16195	20965	17650	139541	89819	114169
ABA-187500-UP-4	Golden	1560	2083	+	524	1958	2160	2018	18398	13566	14715
ACA-46875-UP-4	Golden	2583	3616	+	1034	1009	1168	1010	8912	6128	7338
ADA-23438-UP-4	Golden	4116	5138	+	1023	412	484	480	3840	2456	3338
AEA-11719-UP-4	Golden	5638	7629	+	1992	522	622	564	4226	2824	3934
AFA-5859-UP-4	Golden	8129	9253	+	1125	134	218	196	1436	932	1252
AGA-2930-UP-4	Golden	9753	10274	+	522	76	118	72	626	410	544
AHA-2930-UP-4	Golden	10774	11545	+	772	74	102	64	630	382	476
AIA-1465-UP-4	Golden	12045	13068	+	1024	46	40	26	398	222	300
AJA-732-UP-4	Golden	13568	14212	+	645	10	16	8	66	42	42
AKA-732-UP-4	Golden	14712	15250	+	539	2	4	12	40	24	22
ALA-366-UP-4	Golden	15750	16773	+	1024	4	6	14	92	52	72
AMA-183-UP-4	Golden	17273	17810	+	538	6	0	4	12	20	12
ANA-183-UP-4	Golden	18310	19154	+	845	6	12	4	40	16	32
APA-92-UP-4	Golden	19654	20784	+	1131	4	4	4	18	20	16
ARA-46-UP-4	Golden	21284	23306	+	2023	0	6	0	4	6	8
ASA-46-UP-4	Golden	23806	24080	+	275	0	0	2	2	0	2
ATA-23-UP-4	Golden	24580	25603	+	1024	0	2	0	2	2	0
AUA-11-UP-4	Golden	26103	26626	+	524	0	0	0	4	0	0
AVA-11-UP-4	Golden	27126	27620	+	495	0	0	0	0	0	2
AWA-6-UP-4	Golden	28120	29142	+	1023	0	0	0	0	0	4
AXA-3-UP-4	Golden	29642	30778	+	1137	0	0	0	0	0	2
AYA-1-UP-4	Golden	31278	32300	+	1023	0	0	0	0	0	0
BAB-1500000-SAME-1	Golden	32800	33907	+	1108	41319	51616	45518	88524	57304	72942
BBB-375000-SAME-1	Golden	34407	34912	+	506	3846	4900	4240	7632	5356	6732
BCB-93750-SAME-1	Golden	35412	36396	+	985	1352	1470	1358	2820	1856	2318
BDB-46875-SAME-1	Golden	36896	37919	+	1024	1296	1544	1388	2980	2086	2488
BEB-23438-SAME-1	Golden	38419	38942	+	524	400	384	422	1006	664	698
BFB-11719-SAME-1	Golden	39442	40572	+	1131	204	288	228	502	250	372
BGB-5859-SAME-1	Golden	41072	43066	+	1995	278	354	262	572	378	472
BHB-5859-SAME-1	Golden	43566	43840	+	275	10	2	8	24	18	14
BIB-2930-SAME-1	Golden	44340	45363	+	1024	48	76	70	106	98	122
BJB-1465-SAME-1	Golden	45863	46357	+	495	2	16	14	6	6	14
BKB-1465-SAME-1	Golden	46857	47975	+	1119	16	14	14	44	14	34
BLB-732-SAME-1	Golden	48475	49494	+	1020	30	52	48	84	42	74
BMB-366-SAME-1	Golden	49994	50737	+	744	2	8	4	10	18	8
BNB-366-SAME-1	Golden	51237	51881	+	645	2	2	4	14	0	6
BPB-183-SAME-1	Golden	52381	53519	+	1139	2	4	10	10	4	8
BRB-92-SAME-1	Golden	54019	54555	+	537	0	0	0	0	4	4
BSB-92-SAME-1	Golden	55055	55658	+	604	2	0	0	6	2	0
BTB-46-SAME-1	Golden	56158	57185	+	1028	2	2	4	2	4	4
BUB-23-SAME-1	Golden	57685	59707	+	2023	0	0	2	2	6	0
BVB-23-SAME-1	Golden	60207	60700	+	494	0	0	2	0	4	0
BWB-11-SAME-1	Golden	61200	62224	+	1025	2	0	0	0	2	0
BXB-6-SAME-1	Golden	62724	63860	+	1137	0	2	0	0	0	0
BYB-1-SAME-1	Golden	64360	65383	+	1024	0	0	0	0	0	0
CAC-2250000-DOWN-0.67	Golden	65883	66405	+	523	42258	49405	45934	62791	46740	52897
CBC-562500-DOWN-0.67	Golden	66905	67745	+	841	14044	17441	15634	19532	13140	16812
CCC-140625-DOWN-0.67	Golden	68245	69287	+	1043	2050	2664	2240	3060	2008	2492
CDC-70312-DOWN-0.67	Golden	69787	70781	+	995	2046	2446	2096	2644	1918	2216
CEC-35156-DOWN-0.67	Golden	71281	71923	+	643	380	504	464	488	322	378
CFC-17578-DOWN-0.67	Golden	72423	73579	+	1157	406	616	528	734	386	506
CGC-8789-DOWN-0.67	Golden	74079	74602	+	524	94	114	104	190	132	118
CHC-8789-DOWN-0.67	Golden	75102	75744	+	643	164	184	150	248	132	192
CIC-4395-DOWN-0.67	Golden	76244	77238	+	995	116	144	134	174	94	134
CJC-2197-DOWN-0.67	Golden	77738	79088	+	1351	64	72	48	64	60	84
CKC-2197-DOWN-0.67	Golden	79588	79862	+	275	4	6	14	10	2	4
CLC-1099-DOWN-0.67	Golden	80362	81381	+	1020	42	40	44	58	46	42
CMC-549-DOWN-0.67	Golden	81881	82665	+	785	0	20	4	14	10	8
CNC-549-DOWN-0.67	Golden	83165	83905	+	741	4	6	12	14	6	4
CPC-275-DOWN-0.67	Golden	84405	85541	+	1137	4	18	18	8	8	10
CRC-137-DOWN-0.67	Golden	86041	86577	+	537	2	0	0	0	0	0
CSC-137-DOWN-0.67	Golden	87077	87821	+	745	0	6	2	2	0	4
CTC-69-DOWN-0.67	Golden	88321	89343	+	1023	0	4	2	0	4	4
CUC-34-DOWN-0.67	Golden	89843	90379	+	537	0	0	0	0	0	0
CVC-34-DOWN-0.67	Golden	90879	91723	+	845	2	2	0	0	0	2
CWC-17-DOWN-0.67	Golden	92223	93217	+	995	0	0	0	2	0	0
CXC-9-DOWN-0.67	Golden	93717	94860	+	1144	0	0	0	0	0	0
CYC-2-DOWN-0.67	Golden	95360	96381	+	1022	0	0	0	0	0	0
DAD-3000000-DOWN-0.5	Golden	96881	97942	+	1062	76117	95269	84440	80264	52237	68098
DBD-750000-DOWN-0.5	Golden	98442	98964	+	523	6237	6762	6362	7484	4894	5912
DCD-187500-DOWN-0.5	Golden	99464	100487	+	1024	5674	6308	6070	7062	4490	5464
DDD-93750-DOWN-0.5	Golden	100987	102010	+	1024	3422	3912	3768	4236	2924	3460
DED-46875-DOWN-0.5	Golden	102510	103261	+	752	598	716	672	724	366	550
DFD-23438-DOWN-0.5	Golden	103761	104897	+	1137	748	1010	882	840	544	688
DGD-11719-DOWN-0.5	Golden	105397	106269	+	873	158	254	164	188	126	132
DHD-11719-DOWN-0.5	Golden	106769	107413	+	645	134	184	196	176	120	148
DID-5859-DOWN-0.5	Golden	107913	108906	+	994	148	178	198	152	118	134
DJD-2930-DOWN-0.5	Golden	109406	109949	+	544	32	30	48	22	22	30
DKD-2930-DOWN-0.5	Golden	110449	110974	+	526	34	44	64	54	38	34
DLD-1465-DOWN-0.5	Golden	111474	112217	+	744	36	72	54	46	42	38
DMD-732-DOWN-0.5	Golden	112717	114674	+	1958	36	24	24	44	12	24
DND-732-DOWN-0.5	Golden	115174	115447	+	274	2	0	0	0	4	2
DPD-366-DOWN-0.5	Golden	115947	117084	+	1138	4	22	12	10	8	14
DRD-183-DOWN-0.5	Golden	117584	118121	+	538	0	0	0	2	4	0
DSD-183-DOWN-0.5	Golden	118621	119429	+	809	4	6	0	6	4	0
DTD-92-DOWN-0.5	Golden	119929	120953	+	1025	4	2	2	4	6	6
DUD-46-DOWN-0.5	Golden	121453	122575	+	1123	0	2	4	2	2	0
DVD-46-DOWN-0.5	Golden	123075	123609	+	535	0	0	0	0	0	0
DWD-23-DOWN-0.5	Golden	124109	125129	+	1021	0	0	0	0	0	0
DXD-11-DOWN-0.5	Golden	125629	126765	+	1137	0	0	0	0	0	0
DYD-3-DOWN-0.5	Golden	127265	128257	+	993	0	0	0	0	0	0
